0 0.36185195270397663 0.2729802966117859 0.3265625199317944 0.2
0 0.11810193782665637 0.3620427966117859 0.17656251077652044 0.140625
0 0.37357070341923243 0.4675115466117859 0.3156250192642224 0.1609375
0 0.6266957188687572 0.3589177966117859 0.18437501125335762 0.1375
0 0.6321644692025433 0.5151677966117859 0.20468751249313427 0.125
0 0.11653943773128894 0.5089177966117859 0.17031251039505071 0.13125
0 0.3743519534669161 0.6776677966117859 0.32343751974105955 0.184375
0 0.6243519687257061 0.6440740466117859 0.21406251306533886 0.1390625
0 0.11263318749287032 0.6456365466117859 0.1625000099182135 0.1421875
0 0.36341445279934403 0.8581365466117858 0.3140625191688549 0.1828125
0 0.627476968916441 0.7807927966117859 0.20156251230239947 0.1375
