0 0.4321644569955113 0.4526677966117859 0.33906252069473397 0.259375
0 0.7891291079561833 0.1565740466117859 0.4217417840876333 0.1984375
0 0.7969416084330205 0.3268865466117859 0.40611678313395894 0.1515625
0 0.7845082285008684 0.4253240466117859 0.36562502231598026 0.0953125
0 0.8891291140596994 0.6307927966117859 0.22174177188060132 0.278125
0 0.8477894823632497 0.8573552966117859 0.29218751783371066 0.271875
0 0.14935193973400512 0.24329279661178588 0.20156251230239947 0.109375
0 0.302476949080014 0.2057927966117859 0.17656251077652044 0.090625
0 0.12200818806507496 0.06829279661178589 0.17500001068115303 0.05
0 0.29935194888927913 0.06907404661178589 0.1578125096321112 0.0578125
0 0.4696644592843298 0.06048029661178589 0.060937503719330086 0.015625
0 0.4704457093320135 0.11594904661178589 0.07812500476837184 0.0703125
0 0.472008209427381 0.1979802966117859 0.08750000534057652 0.08125
0 0.47669570971348324 0.27376154661178587 0.08437500514984161 0.0671875
0 0.5477894640527017 0.10266779661178589 0.0671875041007998 0.084375
0 0.55794571467259 0.1878240466117859 0.06875000419616724 0.1015625
0 0.5602894648156411 0.2948552966117859 0.07968750486373936 0.075
0 0.48060195995190186 0.6620427966117859 0.2828125172615062 0.125
0 0.4977894610009437 0.7807927966117859 0.2765625168800364 0.115625
0 0.5345082132420784 0.9214177966117859 0.25625001564025973 0.15
0 0.15325818997242371 0.4956365466117859 0.22187501354217615 0.4359375
0 0.22357069426395837 0.7425115466117859 0.3531250215530409 0.4953125
